{
 "cells": [
  {
   "cell_type": "code",
   "execution_count": 1,
   "id": "f77c6342",
   "metadata": {},
   "outputs": [],
   "source": [
    "import numpy\n",
    "from numpy import array\n",
    "from scipy.sparse import coo_matrix\n",
    "from scipy.sparse.linalg import spsolve"
   ]
  },
  {
   "cell_type": "code",
   "execution_count": 2,
   "id": "73c777f4",
   "metadata": {
    "scrolled": false
   },
   "outputs": [
    {
     "name": "stdout",
     "output_type": "stream",
     "text": [
      "Solve small matrix...\n"
     ]
    }
   ],
   "source": [
    "print(\"Solve small matrix...\")\n",
    "R = array([0, 0, 1, 1, 1, 2, 2])\n",
    "C = array([0, 1, 0, 1, 2, 1, 2])\n",
    "V = array([4.0, -1.0, -1.0,  4.0, -1.0, -1.0, 4.0])\n",
    "b = array([3.0, 2.0, 3.0])\n",
    "A = coo_matrix((V, (R, C)), shape=(3, 3))"
   ]
  },
  {
   "cell_type": "code",
   "execution_count": 3,
   "id": "aac75c16",
   "metadata": {},
   "outputs": [
    {
     "name": "stdout",
     "output_type": "stream",
     "text": [
      "x =  [1. 1. 1.]\n",
      "Solve psd matrix...\n"
     ]
    }
   ],
   "source": [
    "# convert to csr format for efficiency\n",
    "x = spsolve(A.tocsr(), b)\n",
    "print(\"x = \", x)\n",
    "\n",
    "print(\"Solve psd matrix...\")\n",
    "# skip the first row (n, nnz)\n",
    "A = numpy.genfromtxt('psd.txt', skip_header=1)\n",
    "b = numpy.genfromtxt('b.txt')\n",
    "\n"
   ]
  },
  {
   "cell_type": "code",
   "execution_count": 4,
   "id": "436837c7",
   "metadata": {},
   "outputs": [
    {
     "name": "stdout",
     "output_type": "stream",
     "text": [
      "x =  [24.92680216 37.68837351 37.15990785 76.67549745 36.68168783 48.82855038\n",
      " 42.36875959 43.42230514 44.28163984 37.54232737 53.14530164 31.74324588\n",
      " 43.9854513  36.65778127 49.67953612 53.243171   41.7943141  67.12574049\n",
      " 50.37419518 62.27668113]\n"
     ]
    }
   ],
   "source": [
    "coo = coo_matrix((A[:, 2], (A[:, 0], A[:, 1])), shape=(20, 20))\n",
    "x = spsolve(coo.tocsr(), b)\n",
    "print('x = ', x)"
   ]
  },
  {
   "cell_type": "code",
   "execution_count": 5,
   "id": "04fecc6a",
   "metadata": {},
   "outputs": [
    {
     "name": "stdout",
     "output_type": "stream",
     "text": [
      "Solve big matrix...\n",
      "x =  [0.42118684 0.55296711 0.59593297 0.61037554 0.61534047 0.61707587\n",
      " 0.61768997 0.617909   0.61798666 0.61801149 0.61801149 0.61798666\n",
      " 0.617909   0.61768997 0.61707587 0.61534047 0.61037554 0.59593297\n",
      " 0.55296711 0.42118684 0.55296711 0.74771572 0.81632219 0.84060429\n",
      " 0.84925093 0.8523489  0.85346497 0.85386836 0.85401281 0.85405931\n",
      " 0.85405931 0.85401281 0.85386836 0.85346497 0.8523489  0.84925093\n",
      " 0.84060429 0.81632219 0.74771572 0.55296711 0.59593297 0.81632219\n",
      " 0.89735798 0.92707276 0.937961   0.94195274 0.9434176  0.94395501\n",
      " 0.94414974 0.94421294 0.94421294 0.94414974 0.94395501 0.9434176\n",
      " 0.94195274 0.937961   0.92707276 0.89735798 0.81632219 0.59593297\n",
      " 0.61037554 0.84060429 0.92707276 0.95944054 0.97152859 0.9760362\n",
      " 0.9777153  0.97833934 0.97856794 0.97864272 0.97864272 0.97856794\n",
      " 0.97833934 0.9777153  0.9760362  0.97152859 0.95944054 0.92707276\n",
      " 0.84060429 0.61037554 0.61534047 0.84925093 0.937961   0.97152859\n",
      " 0.98420519 0.98898438 0.99078334 0.99145844 0.99170788 0.99179002\n",
      " 0.99179002 0.99170788 0.99145844 0.99078334 0.98898438 0.98420519\n",
      " 0.97152859 0.937961   0.84925093 0.61534047 0.61707587 0.8523489\n",
      " 0.94195274 0.9760362  0.98898438 0.99389719 0.99575858 0.99646165\n",
      " 0.99672299 0.99680946 0.99680946 0.99672299 0.99646165 0.99575858\n",
      " 0.99389719 0.98898438 0.9760362  0.94195274 0.8523489  0.61707587\n",
      " 0.61768997 0.85346497 0.9434176  0.9777153  0.99078334 0.99575858\n",
      " 0.99765073 0.99836824 0.99863598 0.99872485 0.99872485 0.99863598\n",
      " 0.99836824 0.99765073 0.99575858 0.99078334 0.9777153  0.9434176\n",
      " 0.85346497 0.61768997 0.617909   0.85386836 0.94395501 0.97833934\n",
      " 0.99145844 0.99646165 0.99836824 0.99909282 0.99936382 0.99945394\n",
      " 0.99945394 0.99936382 0.99909282 0.99836824 0.99646165 0.99145844\n",
      " 0.97833934 0.94395501 0.85386836 0.617909   0.61798666 0.85401281\n",
      " 0.94414974 0.97856794 0.99170788 0.99672299 0.99863598 0.99936382\n",
      " 0.99963637 0.99972709 0.99972709 0.99963637 0.99936382 0.99863598\n",
      " 0.99672299 0.99170788 0.97856794 0.94414974 0.85401281 0.61798666\n",
      " 0.61801149 0.85405931 0.94421294 0.97864272 0.99179002 0.99680946\n",
      " 0.99872485 0.99945394 0.99972709 0.99981806 0.99981806 0.99972709\n",
      " 0.99945394 0.99872485 0.99680946 0.99179002 0.97864272 0.94421294\n",
      " 0.85405931 0.61801149 0.61801149 0.85405931 0.94421294 0.97864272\n",
      " 0.99179002 0.99680946 0.99872485 0.99945394 0.99972709 0.99981806\n",
      " 0.99981806 0.99972709 0.99945394 0.99872485 0.99680946 0.99179002\n",
      " 0.97864272 0.94421294 0.85405931 0.61801149 0.61798666 0.85401281\n",
      " 0.94414974 0.97856794 0.99170788 0.99672299 0.99863598 0.99936382\n",
      " 0.99963637 0.99972709 0.99972709 0.99963637 0.99936382 0.99863598\n",
      " 0.99672299 0.99170788 0.97856794 0.94414974 0.85401281 0.61798666\n",
      " 0.617909   0.85386836 0.94395501 0.97833934 0.99145844 0.99646165\n",
      " 0.99836824 0.99909282 0.99936382 0.99945394 0.99945394 0.99936382\n",
      " 0.99909282 0.99836824 0.99646165 0.99145844 0.97833934 0.94395501\n",
      " 0.85386836 0.617909   0.61768997 0.85346497 0.9434176  0.9777153\n",
      " 0.99078334 0.99575858 0.99765073 0.99836824 0.99863598 0.99872485\n",
      " 0.99872485 0.99863598 0.99836824 0.99765073 0.99575858 0.99078334\n",
      " 0.9777153  0.9434176  0.85346497 0.61768997 0.61707587 0.8523489\n",
      " 0.94195274 0.9760362  0.98898438 0.99389719 0.99575858 0.99646165\n",
      " 0.99672299 0.99680946 0.99680946 0.99672299 0.99646165 0.99575858\n",
      " 0.99389719 0.98898438 0.9760362  0.94195274 0.8523489  0.61707587\n",
      " 0.61534047 0.84925093 0.937961   0.97152859 0.98420519 0.98898438\n",
      " 0.99078334 0.99145844 0.99170788 0.99179002 0.99179002 0.99170788\n",
      " 0.99145844 0.99078334 0.98898438 0.98420519 0.97152859 0.937961\n",
      " 0.84925093 0.61534047 0.61037554 0.84060429 0.92707276 0.95944054\n",
      " 0.97152859 0.9760362  0.9777153  0.97833934 0.97856794 0.97864272\n",
      " 0.97864272 0.97856794 0.97833934 0.9777153  0.9760362  0.97152859\n",
      " 0.95944054 0.92707276 0.84060429 0.61037554 0.59593297 0.81632219\n",
      " 0.89735798 0.92707276 0.937961   0.94195274 0.9434176  0.94395501\n",
      " 0.94414974 0.94421294 0.94421294 0.94414974 0.94395501 0.9434176\n",
      " 0.94195274 0.937961   0.92707276 0.89735798 0.81632219 0.59593297\n",
      " 0.55296711 0.74771572 0.81632219 0.84060429 0.84925093 0.8523489\n",
      " 0.85346497 0.85386836 0.85401281 0.85405931 0.85405931 0.85401281\n",
      " 0.85386836 0.85346497 0.8523489  0.84925093 0.84060429 0.81632219\n",
      " 0.74771572 0.55296711 0.42118684 0.55296711 0.59593297 0.61037554\n",
      " 0.61534047 0.61707587 0.61768997 0.617909   0.61798666 0.61801149\n",
      " 0.61801149 0.61798666 0.617909   0.61768997 0.61707587 0.61534047\n",
      " 0.61037554 0.59593297 0.55296711 0.42118684]\n"
     ]
    }
   ],
   "source": [
    "print(\"Solve big matrix...\")\n",
    "A = numpy.genfromtxt('../data/mat_helmholtz.txt', skip_header=1)\n",
    "coo = coo_matrix((A[:, 2], (A[:, 0], A[:, 1])), shape=(400, 400))\n",
    "n = coo.shape[0]\n",
    "b = numpy.ones(n)\n",
    "x = spsolve(coo.tocsr(), b)\n",
    "print('x = ', x)"
   ]
  },
  {
   "cell_type": "code",
   "execution_count": null,
   "id": "f32a8166",
   "metadata": {},
   "outputs": [],
   "source": []
  }
 ],
 "metadata": {
  "kernelspec": {
   "display_name": "Python 3.8.8 64-bit ('base': conda)",
   "language": "python",
   "name": "python388jvsc74a57bd040d3a090f54c6569ab1632332b64b2c03c39dcf918b08424e98f38b5ae0af88f"
  },
  "language_info": {
   "codemirror_mode": {
    "name": "ipython",
    "version": 3
   },
   "file_extension": ".py",
   "mimetype": "text/x-python",
   "name": "python",
   "nbconvert_exporter": "python",
   "pygments_lexer": "ipython3",
   "version": "3.8.8"
  }
 },
 "nbformat": 4,
 "nbformat_minor": 5
}
